01013500
01052500
01055000
01137500
04040500
04045500
04057800
06037500
06043500
06188000
06191500
06221400
06224000
06278300
06280300
06289000
06291500
06311000
06408700
06409000
06431500
06614800
06622700
06623800
06632400
06746095
07083000
07208500
08267500
08269000
08271000
08324000
08377900
08378500
09034900
09035800
09035900
09047700
09065500
09066000
09066200
09066300
09081600
09107000
09210500
09223000
09306242
09312600
09352900
09378170
09378630
09386900
09404450
10023000
10172700
10172800
10173450
10205030
10234500
10242000
10244950
10249300
10310500
10316500
10329500
10336645
10336660
10336740
10343500
10348850
10396000
11230500
11237500
11264500
11266500
11523200
12048000
12054000
12056500
12082500
12092000
12114500
12115000
12141300
12143600
12175500
12178100
12186000
12189500
12358500
12374250
12375900
12377150
12381400
12383500
12388400
12390700
12411000
12414500
12447390
12451000
12488500
13011500
13011900
13018300
13023000
13083000
13161500
13235000
13240000
13310700
13313000
13331500
13337000
13338500
13340000
13340600
14020000
14092750
14137000
14138800
14158500
14158790
